WS56

TASK 1

1. Collect the lines with Vendor 2.0 (vendorid) into the file named "vendor2.csv", using sed
  2206417   6619251 272950834 vendor2.csv

2. Remove all colons (:), double quotes ("), and hyphens (-) from the ORIGINAL 2019-1-h1.csv file
vendorid,tpep_pickup_datetime,tpep_dropoff_datetime,passenger_count,trip_distance,ratecodeid,store_and_fwd_flag,pulocationid,dolocationid,payment_type,fare_amount,extra,mta_tax,tip_amount,tolls_amount,improvement_surcharge,total_amount,congestion_surcharge
1.0,20190101 004640.000000,20190101 005320.000000,1.0,1.5,1.0,N,151.0,239.0,1.0,7.0,0.5,0.5,1.65,0.0,0.3,9.95,
1.0,20190101 005947.000000,20190101 011859.000000,1.0,2.6,1.0,N,239.0,246.0,1.0,14.0,0.5,0.5,1.0,0.0,0.3,16.3,
2.0,20181221 134830.000000,20181221 135240.000000,3.0,0.0,1.0,N,236.0,236.0,1.0,4.5,0.5,0.5,0.0,0.0,0.3,5.8,
2.0,20181128 155225.000000,20181128 155545.000000,5.0,0.0,1.0,N,193.0,193.0,2.0,3.5,0.5,0.5,0.0,0.0,0.3,7.55,
2.0,20181128 155657.000000,20181128 155833.000000,5.0,0.0,2.0,N,193.0,193.0,2.0,52.0,0.0,0.5,0.0,0.0,0.3,55.55,
2.0,20181128 162549.000000,20181128 162826.000000,5.0,0.0,1.0,N,193.0,193.0,2.0,3.5,0.5,0.5,0.0,5.76,0.3,13.31,
2.0,20181128 162937.000000,20181128 163343.000000,5.0,0.0,2.0,N,193.0,193.0,2.0,52.0,0.0,0.5,0.0,0.0,0.3,55.55,
1.0,20190101 002128.000000,20190101 002837.000000,1.0,1.3,1.0,N,163.0,229.0,1.0,6.5,0.5,0.5,1.25,0.0,0.3,9.05,
1.0,20190101 003201.000000,20190101 004539.000000,1.0,3.7,1.0,N,229.0,7.0,1.0,13.5,0.5,0.5,3.7,0.0,0.3,18.5,

3. Remove the fractional parts of all numbers
vendorid,tpep_pickup_datetime,tpep_dropoff_datetime,passenger_count,trip_distance,ratecodeid,store_and_fwd_flag,pulocationid,dolocationid,payment_type,fare_amount,extra,mta_tax,tip_amount,tolls_amount,improvement_surcharge,total_amount,congestion_surcharge
1,20190101 004640,20190101 005320,1,1,1,N,151,239,1,7,0,0,1,0,0,9,
1,20190101 005947,20190101 011859,1,2,1,N,239,246,1,14,0,0,1,0,0,16,
2,20181221 134830,20181221 135240,3,0,1,N,236,236,1,4,0,0,0,0,0,5,
2,20181128 155225,20181128 155545,5,0,1,N,193,193,2,3,0,0,0,0,0,7,
2,20181128 155657,20181128 155833,5,0,2,N,193,193,2,52,0,0,0,0,0,55,
2,20181128 162549,20181128 162826,5,0,1,N,193,193,2,3,0,0,0,5,0,13,
2,20181128 162937,20181128 163343,5,0,2,N,193,193,2,52,0,0,0,0,0,55,
1,20190101 002128,20190101 002837,1,1,1,N,163,229,1,6,0,0,1,0,0,9,
1,20190101 003201,20190101 004539,1,3,1,N,229,7,1,13,0,0,3,0,0,18,


TASK 2

1. Identify the frequency of the tip amounts from the customers who paid more than and equal to US$ 10.0 of the total amount

2.65 9745
4.7 2940
5.28 142
1.59 24
17.14 5
20.16 23
8.74 7
27.8 1
22.98 1
2.79 3771
10.01 185
9.45 198
5.41 203
0.77 41
19.64 3
25.56 4
44.44 1
21.52 1
34.58 1
30.03 1
2.49 4288
4.76 2649
7.51 1114
3.2 9729
3.24 2752
6.45 958
12.11 30
14.35 17
3.91 93
8.18 7
4.03 12
72.0 4
17.78 1
26.92 1
27.86 2
83.13 1
6.4 409
6.86 634
16.74 5
2.28 164
6.33 36
8.39 258
14.3 82
16.01 3
27.45 1
17.59 2
1.33 1116
13.07 48
8.56 295
5.95 1382
5.02 19
6.98 17
17.36 20
22.25 6
2.87 1
4.0 11740
13.97 20
2.62 29
0.68 2
2.17 3
97.2 1
36.1 2
23.25 1
29.56 1
20.11 1
15.59 1
4.61 68
7.82 187
3.42 343
6.74 7
16.2 17
26.85 1
3.37 8
14.04 11
7.68 1
7.5 929
4.08 1952
16.96 26
12.1 40
3.9 48
2.42 14
8.84 4
4.97 2
23.01 1
32.69 1
73.62 1
8.45 348
2.21 295
7.39 89
16.08 8
13.36 13
17.25 7
29.02 2
12.79 1
9.52 264
8.8 342
47.45 1
19.51 1
26.75 2
42.55 1
5.26 1736
1.57 54
10.66 118
0.61 9
4.9 51
20.18 3
13.74 24
5.53 9
203.0 1
66.7 2
10.13 1
50.35 1
21.22 1
30.15 1
7.89 288
17.95 11
3.49 7
11.08 55
23.16 2
4.84 34
56.16 1
29.7 2
16.9 8
27.01 2
7.63 1
4.16 4365
2.58 6749
6.21 650
6.54 338
23.0 15
56.0 2
14.51 8
16.17 2
8.92 3
2.26 29302
17.57 728
13.31 18
8.37 7
17.22 3
6.88 13
8.42 10
41.21 1
4.36 3756
6.05 905
12.64 49
8.1 441
3.73 14
24.69 5
7.24 11
14.75 16
17.7 18
19.58 4
36.26 2
46.76 2
35.92 1
3.56 7321
11.71 15657
7.96 327
2.4 224
4.53 5
19.84 2
7.78 2
26.55 1
16.49 2
5.64 520
1.15 69
20.3 11
15.85 14
13.21 12
10.24 3
40.32 2
120.0 3
25.77 1
9.68 3
0.16 5
20.52 1
30.8 3
33.05 2
2.57 130
4.19 21
16.18 3
22.44 2
36.09 2
16.83 1
29.16 1
4.29 1234
0.54 181
10.8 161
19.36 12
15.47 16
19.43 1
22.7 5
1.7 12776
3.67 8
11.66 94
4.48 14
42.62 1
35.64 1
18.61 1
7.71 924
6.65 483
14.82 35
13.5 32
14.15 30
12.31 18
12.44 11
32.46 1
11.78 1
5.63 89
0.11 83
1.67 528
1.12 262
13.26 54
20.55 8
15.82 24
40.2 1
20.4 5
55.55 2
18.38 2
31.44 2
9.35 244
15.36 37
11.94 40
31.85 2
19.21 7
0.47 2
21.4 4
28.76 2
38.2 2
68.54 1
0.32 2
5.7 1254
11.35 71
3.01 38
10.3 94
9.29 7
4.22 13
12.81 13
19.48 1
26.64 2
14.64 3267
0.89 44
15.7 18
4.41 84
7.13 12
18.68 4
6.14 22
18.82 9
27.26 6
32.55 1
46.01 1
28.3 1
36.51 1
24.92 1
0.0 545178
10.81 82
5.74 24
21.45 9
20.46 5
13.57 6
55.46 1
9.78 1
22.71 1
38.25 1
30.69 1
1.84 1905
9.66 135
0.18 16
15.14 5
38.86 1
19.07 2
50.79 1
24.21 1
3.16 10913
9.7 206
12.96 44
78.5 1
11.22 4
26.15 1
42.35 1
0.39 5
30.38 1
1.28 1273
2.07 2168
5.82 633
19.7 10
14.95 35
22.32 3
8.63 1
44.5 1
13.87 1
23.31 2
4.46 3421
15.0 812
3.69 1884
1.9 309
7.14 265
12.54 25
6.13 11
18.85 10
24.95 1
14.63 1
88.48 1
11.68 1
0.03 156
1.97 34
9.71 204
0.94 62
0.9 167
1.79 34
10.88 13
28.32 2
15.72 2
19.76 6
22.78 1
44.56 1
0.26 6
1.07 23
10.54 107
24.39 1
15.97 2
5.14 40
21.65 8
25.61 1
34.81 1
31.55 1
45.09 1
19.13 1
15.22 1
2.36 26419
5.99 12
6.94 110
16.62 3
27.31 2
29.82 1
22.29 2
69.77 1
2.08 10817
20.95 9
1.27 83
2.93 178
19.8 5
43.41 1
13.66 42
25.05 4
13.88 1
41.76 2
50.05 2
13.13 1
20.02 2
18.0 96
2.74 479
13.41 8
23.82 2
35.7 1
22.16 7
8.07 18
9.48 3
24.1 2
10.93 2
20.25 2
55.25 1
30.95 1
17.67 1
3.5 3993
3.96 5259
7.9 430
7.56 397
4.71 83
12.16 155
4.04 5
6.42 13
8.88 50
3.23 23
14.32 145
36.14 1
16.27 2
26.95 1
27.81 2
11.7 6495
11.85 105
11.12 85
9.06 264
9.99 67
21.86 1
50.68 1
1.38 960
16.65 34
37.55 2
10.49 4
42.0 5
5.09 15
2.31 9
26.2 2
6.93 4
8.76 510
2.67 844
4.5 833
2.12 308
17.16 29
13.78 1
23.95 6
20.14 2
40.74 2
13.92 1
10.07 78
28.26 6
0.71 9
25.25 4
15.66 35
10.98 1
9.43 2
21.54 2
30.05 6
5.47 5
31.64 1
59.39 1
7.0 3945
4.92 57
8.81 420
8.16 315
2.47 10
12.4 23
23.04 3
17.76 19
4.78 7
6.6 523
6.31 848
7.32 221
6.84 259
14.41 11
14.1 18
16.76 26
23.65 3
2.85 7727
2.38 193
1.31 6
13.05 70
71.96 1
5.97 19
22.27 1
17.34 6
20.72 2
10.14 287
10.61 85
0.66 59
5.21 102
5.54 8
39.86 3
212.5 1
21.25 4
2.19 12
4.89 759
11.05 56
4.67 2
3.31 63
3.44 32
70.0 8
16.4 8
6.72 15
14.02 13
7.84 14
47.06 1
17.98 3
37.7 1
26.36 1
8.11 837
4.95 2845
7.7 913
3.98 20
60.0 15
12.3 45
7.58 248
8.86 301
16.29 4
12.18 3
17.71 4
99.99 1
16.94 2
23.03 1
2.23 167
6.38 34
8.32 147
14.8 19
17.27 2
20.65 6
8.47 5
40.05 2
17.52 4
22.56 1
17.8 4
4.39 26
9.54 69
18.76 13
36.29 1
24.66 3
26.73 1
24.88 1
4.56 3199
7.08 279
2.1 165
6.69 266
13.9 17
36.46 1
7.93 6
3.53 22
14.19 18
18.02 4
11.74 2
12.48 2
26.25 1
100.46 1
19.81 2
4.86 2481
7.61 980
12.21 27
52.98 1
16.32 12
27.76 1
4.68 6
36.96 1
37.8 2
70.72 1
29.5 1
3.82 2174
4.14 1310
6.56 713
12.02 122
6.23 47
16.15 24
14.26 51
7.42 2
56.2 1
23.2 2
11.39 99
0.53 3
9.25 220
19.44 5
22.0 51
57.0 2
19.31 4
110.0 3
3.75 3296
8.7 431
11.56 61
12.62 50
17.1 8
24.81 3
7.22 5
51.81 1
6.03 1
3.54 2334
2.6 3320
4.51 134
18.05 16
7.94 35
19.86 9
45.25 1
14.89 6
24.15 2
17.88 1
11.73 2
1.62 4159
5.66 1136
10.26 311
1.88 568
1.17 57
33.98 1
0.14 9
30.55 3
21.71 4
25.75 2
25.8 5
31.41 2
15.18 3
20.1 1
28.58 1
13.23 1
8.26 505
12.09 32
6.28 4
7.49 15
16.85 17
3.89 6
2.51 20
14.58 23
17.46 23
23.9 3
91.48 1
22.42 1
56.74 1
5.2 1718
10.6 121
3.04 305
11.45 469
4.27 9
22.9 5
12.84 28
32.06 1
32.91 1
15.49 1
1.5 30581
3.65 4657
11.64 111
0.82 90
33.4 2
18.16 32
12.58 27
28.8 1
35.66 3
24.06 5
18.89 1
35.13 1
4.58 1343
7.73 12
7.06 555
13.7 48
12.46 41
6.67 12
12.33 1
17.81 3
27.15 3
36.48 1
65.0 3
74.64 1
1.83 404
9.61 230
1.69 37
9.14 263
18.36 11
24.26 3
19.97 2
63.56 1
25.3 1
21.94 1
13.28 1
45.16 2
35.46 1
9.86 129
55.85 2
21.2 15
21.06 7
0.34 6
25.15 1
0.41 4
19.27 1
9.33 2
30.35 2
11.92 1
31.36 1
5.5 683
3.03 60
10.1 184
11.42 75
26.66 1
11.37 2
32.96 1
6.16 857
7.11 1044
15.5 20
4.43 36
14.66 31
16.55 17
12.51 16
27.24 3
26.49 3
1.76 43173
1.98 270
10.32 73
0.6 35
15.08 23
5.72 11
34.45 1
13.51 9
20.35 3
10.87 3
9.95 174
10.51 124
5.11 167
11.89 58
1.02 78
21.15 6
19.16 14
0.23 6
15.92 4
30.44 1
88.9 1
15.27 1
40.94 1
9.5 320
9.89 243
21.09 5
12.94 4
3.14 3
18.52 1
31.39 1
47.27 1
54.09 1
19.28 1
2.05 23278
8.61 552
13.85 27
21.39 3
90.0 3
23.46 2
19.5 3
14.97 1
17.01 1
50.08 1
25.08 1
1.47 4969
2.73 76
45.5 1
35.0 20
10.94 3
20.22 1
18.7 10
80.0 8
13.46 31
21.58 3
30.09 2
22.11 2
23.85 1
0.05 196
13.58 28
9.77 56
34.39 1
0.92 35
15.01 6
25.46 1
1.91 8
15.74 2
20.49 1
48.21 1
10.56 4133
5.16 1789
11.19 31
1.05 36
9.92 72
15.95 43
26.08 1
0.24 4
34.83 1
21.12 1
19.11 1
38.72 1
2.34 5268
6.96 577
8.58 145
32.8 1
26.7 1
2.89 9
17.38 2
41.19 1
27.33 1
2.95 14812
5.36 1516
13.15 372
10.76 252
1.21 95
20.04 3
21.32 3
34.74 1
33.31 1
29.29 1
10.02 238
9.46 346
0.74 85
5.42 1
31.61 1
8.09 8
35.9 1
19.67 2
4.06 4754
3.7 5083
12.14 57
3.94 151
4.73 84
3.21 48
4.99 22
16.25 21
7.54 8
36.16 2
60.24 1
37.15 1
11.5 70
11.87 65
15.29 1
28.69 1
39.56 1
21.84 3
24.32 2
787.25 1
9.04 1
26.01 1
2.82 5879
13.02 22
1.36 292
10.47 4
5.07 48
8.53 1
20.75 6
34.05 2
33.26 2
2.14 1115
4.3 822
5.59 10
2.61 11
25.82 2
23.26 4
37.85 2
20.12 2
13.94 4
29.55 2
36.2 1
46.7 1
5.45 2181
9.41 269
1.49 54
10.05 182
18.9 83
0.73 2
15.64 4
21.56 2
25.52 1
24.8 3
13.48 1
54.56 1
400.0 1
31.66 1
2.45 27069
7.2 1017
16.91 3
6.49 19
8.14 187
12.6 1640
3.28 49
14.39 7
8.83 7
23.06 2
17.74 2
6.0 5152
6.82 273
14.7 53
8.48 9
16.05 25
12.74 1
7.34 5
6.37 6
27.41 3
22.59 1
17.28 2
9.51 269
3.79 14
26.76 2
19.52 6
32.86 1
5.56 1363
1.52 27
10.16 169
15.55 34
0.64 112
22.08 5
13.71 10
5.23 7
7.86 370
3.46 8124
4.65 1516
3.33 541
26.34 2
23.19 3
16.6 8
26.81 2
11.07 6
27.95 1
6.51 925
7.45 543
6.24 338
3.85 2757
14.21 19
12.05 86
4.13 25
8.97 10
16.89 12
16.12 1
23.5 1
71.0 1
2.25 15794
6.9 498
8.41 659
8.34 108
13.32 38
27.48 1
29.06 2
17.54 1
17.21 5
6.08 637
7.29 213
9.56 166
19.55 6
12.69 18
32.81 2
42.51 1
14.78 2
7.91 839
2.3 9254
3.51 72
4.54 42
11.76 178
45.95 1
3.38 83
7.67 12
12.27 3
16.34 1
17.91 2
27.05 1
6.58 384
14.28 2
2.54 11
23.71 2
5.9 430
0.51 16
19.33 1
18.45 10
19.46 7
24.55 3
15.42 4
22.2 7
9.27 9
28.02 2
80.88 1
8.5 523
4.32 1482
6.01 505
14.71 6
3.77 8
17.3 11
35.96 1
2.8 3409
7.01 1067
14.87 14
16.45 41
13.0 199
7.74 161
17.86 17
12.41 18
12.34 3
13.25 33
1.11 664
1.64 10
9.19 4
20.7 12
34.0 2
0.12 25
21.77 1
20.56 6
15.81 4
21.99 1
40.36 1
2.53 98
17.44 6
59.0 3
23.76 4
8.99 5
8.24 3
29.67 1
5.0 21364
3.06 12164
4.25 2741
10.4 137
12.86 57
11.32 73
0.58 28
1.3 812
0.84 47
6.19 13
3.63 18
18.65 11
48.8 1
51.75 1
33.2 2
11.62 2
1.73 536
0.09 35
10.82 133
10.37 69
5.77 19
20.45 13
21.46 2
0.3 42
33.63 1
15.78 1
13.54 2
43.11 1
1.81 34
9.16 279
15.11 15
25.1 1
20.8 8
21.96 3
19.95 7
24.24 1
18.34 1
19.02 1
9.31 281
21.0 29
9.8 198
3.19 17
9.84 69
12.99 18
19.25 6
15.32 19
54.0 3
0.36 3
0.43 2
8.66 283
2.02 104
13.82 38
19.2 9
5.87 6
17.06 31
23.41 4
20.08 9
2.99 8
44.0 4
23.34 2
4.45 3801
7.17 12
28.7 2
12.57 12
15.3 17
18.86 8
24.96 2
24.09 1
16.53 1
10.85 119
0.99 84
0.4 31
1.74 16
20.42 1
31.71 2
22.75 2
43.16 1
9.08 108
19.14 10
11.9 58
5.13 5
15.25 19
25.66 1
0.21 9
28.65 1
48.05 1
50.66 1
40.96 1
30.46 1
31.27 1
9.97 1
10.53 1
9.3 195
11.26 182
3.12 490
12.92 50
15.39 9
0.48 2
42.31 1
18.54 3
47.21 1
26.11 1
1.24 268
5.33 165
20.01 3
25.06 5
13.65 33
20.96 9
30.26 4
21.37 2
49.31 1
14.99 1
159.0 1
421.0 1
50.06 1
25.91 1
5.49 572
8.02 187
10.96 90
1.45 88
13.44 26
2.71 15
10.09 5
22.66 7
28.95 1
18.5 7
24.4 2
48.48 1
9.75 189
10.39 195
5.79 453
1.93 274
0.07 29
15.76 777
25.44 2
19.72 2
39.3 1
11.2 93
10.58 71
18.25 12
5.18 94
9.03 1
88.0 2
26.06 3
45.05 1
42.26 1
24.35 3
39.24 1
53.06 1
21.69 1
11.17 1
35.55 1
39.51 1
2.32 8001
16.66 31
27.35 1
47.2 1
92.0 1
20.78 1
1.23 1449
2.97 580
5.34 624
10.74 41
20.06 19
5.89 23
17.08 8
296.7 1
33.33 1
30.21 3
55.06 1
8.68 4
20.91 3
22.39 2
13.17 1
34.76 1
15.61 8
2.78 87
25.22 2
0.76 46
19.65 9
9.44 25
48.41 1
30.99 1
49.82 1
4.75 1388
3.27 417
3.1 34
6.46 799
7.52 100
3.92 52
12.9 34
27.85 2
14.36 39
12.12 4
7.31 1131
6.5 937
14.42 15
6.32 376
12.71 22
2.29 28
16.75 23
6.87 15
14.2 34
17.58 11
23.66 2
8.38 3
10.45 121
8.51 614
5.05 1501
22.22 4
1.34 57
202.0 1
17.31 10
33.24 1
37.59 1
5.92 3
32.1 1
59.06 1
23.58 1
29.89 1
2.16 32715
4.1 923
0.69 110
2.63 95
13.96 53
15.58 10
23.91 1
8.72 23
100.0 10
83.0 1
22.05 6
17.12 4
23.24 1
36.0 3
29.57 1
41.86 1
7.81 956
3.34 221
4.62 65
37.08 1
3.41 64
6.77 14
16.1 5
26.86 1
27.09 1
14.07 1
27.92 1
16.38 1
4.96 2313
12.0 890
7.4 630
8.85 251
3.8 2604
2.43 173
8.12 22
4.09 5
17.72 2
27.66 2
36.86 1
16.97 1
6.35 556
6.2 1374
7.36 459
14.45 40
12.76 147
16.07 7
13.39 16
14.5 11
43.81 2
23.61 1
40.08 1
8.9 259
11.58 47
24.61 2
140.0 2
5.25 851
1.54 2776
2.68 77
10.65 123
0.62 138
8.79 88
17.19 60
21.21 2
15.53 2
30.16 9
13.77 2
25.36 2
22.95 4
27.5 1
4.85 1724
7.88 13
3.48 19
27.75 2
7.62 7
12.22 6
17.94 9
16.8 8
29.6 2
29.46 2
16.31 6
36.95 1
11.09 1
3.87 196
6.26 800
4.11 70
8.95 254
14.56 38
6.53 30
71.2 1
23.7 5
7.47 9
220.0 1
27.54 1
12.07 2
17.48 1
43.9 1
8.36 266
6.89 46
2.27 10
22.52 1
17.56 13
34.11 2
29.04 1
20.61 1
8.43 1
4.35 1838
9.58 94
8.2 556
6.06 937
14.76 38
12.67 4
24.84 3
36.25 1
17.4 6
7.27 3
11.53 1
18.94 1
3.57 275
2.5 8655
12.39 68
18.06 28
4.52 19
7.97 25
16.48 3
58.46 1
24.16 10
7.79 14
19.85 3
35.76 1
47.64 1
4.82 1063
16.36 25
7.65 175
12.25 49
6.79 9
17.93 1
141.0 1
29.1 1
134.0 1
37.91 1
2.56 21177
8.21 715
16.82 11
4.18 17
23.73 1
37.29 1
16.19 1
43.0 1
36.08 1
17.41 3
22.45 1
3.09 3151
9.21 320
15.44 5
0.57 65
12.89 34
19.35 3
11.48 1
22.4 2
31.91 1
3.66 6565
1.6 701
11.67 75
18.15 19
0.81 12
35.65 1
24.05 5
4.49 1
58.55 1
33.7 1
7.76 513
3.58 3045
13.2 948
14.85 21
14.12 23
7.03 47
12.43 2
6.62 8
7.98 6
12.36 37
18.09 5
17.84 2
41.3 1
1.66 232
1.13 1796
5.62 5
34.2 2
10.22 77
18.39 9
21.75 4
20.5 4
15.83 1
19.98 2
30.51 1
25.71 1
31.45 2
15.35 17
9.36 215
31.4 1
0.44 8
18.58 8
21.7 9
54.03 1
0.31 4
19.22 3
11.97 4
35.28 1
38.1 1
31.86 1
5.6 407
10.2 188
11.34 30
11.41 37
31.98 1
9.28 1
4.23 7
26.65 1
36.33 1
15.8 152
1.1 704
0.86 59
3.61 106
33.0 11
16.58 13
39.66 1
24.77 2
177.54 1
24.02 1
18.67 1
105.0 1
0.1 324
5.75 842
10.35 144
13.56 33
1.71 6
20.32 10
20.47 2
31.74 1
9.79 1
21.44 1
9.65 121
1.18 1769
25.7 4
10.29 59
18.32 11
1.87 2
15.17 11
19.04 1
5.69 10
15.88 5
33.97 1
34.9 1
33.08 2
9.6 251
12.97 2
0.38 9
3.17 7
18.51 4
11.23 3
38.8 1
333.33 1
19.0 15
8.64 337
5.85 559
23.36 3
5.38 3
14.92 3
17.04 2
44.2 1
22.88 2
10.78 1
1.8 1858
4.47 84
7.15 266
15.1 7
3.68 21
6.12 21
12.55 33
32.26 4
18.84 2
11.69 3
28.5 2
16.51 3
14.62 1
1.94 372
0.97 32
15.71 6
9.72 1
19.75 4
30.89 1
15.04 1
9.91 219
10.55 1803
5.15 1256
1.06 42
15.96 32
45.08 3
33.16 3
21.64 1
21.11 1
54.11 1
19.12 1
0.27 2
18.28 1
9.1 262
21.9 6
18.56 10
58.16 1
9.38 2
24.46 1
11.99 1
123.0 1
2.92 35
5.31 98
13.67 28
2.09 55
13.89 29
10.71 76
22.81 1
1.26 21
30.24 6
38.55 1
21.35 5
19.9 5
54.35 1
20.94 2
13.12 1
1.43 873
0.79 58
8.04 130
24.2 4
2.77 32
20.26 6
22.15 8
18.3 5
23.81 3
17.64 5
30.96 1
25.58 2
4.05 3434
7.8 568
8.89 267
3.4 91
16.26 39
12.17 61
36.15 2
14.33 1
3.97 5
7.57 12
3.22 20
82.16 1
26.94 3
6.43 1
37.16 1
46.45 1
9.01 372
11.15 109
11.0 538
1.09 37
15.99 7
11.82 44
0.28 19
21.81 4
18.27 1
5.08 1175
1.39 31
16.64 6
6.92 10
29.31 2
23.55 3
26.3 1
10.48 3
47.0 5
53.3 1
4.6 51
1.58 1575
2.64 3905
8.75 350
13.91 23
2.11 27
17.15 50
5.29 18
22.99 1
23.96 5
43.76 1
10.69 2
22.02 1
27.9 1
34.67 1
5.46 1409
10.06 134
21.55 5
30.71 1
9.42 1
10.99 1
25.51 1
3.3 2186
2.48 271
3.25 5092
8.19 111
4.02 153
6.44 128
4.77 60
14.34 15
16.21 6
17.79 4
6.7 1028
6.85 326
14.0 135
7.33 26
16.02 8
12.73 4
29.08 1
23.64 1
27.46 2
2.86 15347
1.32 5599
6.99 291
5.94 494
5.03 78
8.57 32
150.0 4
13.06 84
26.8 2
55.71 2
20.71 1
62.0 3
48.82 1
32.7 1
5.55 1254
15.56 31
10.15 110
2.18 230
1.51 69
0.67 35
52.0 2
27.0 8
28.16 8
28.81 1
13.98 2
21.24 8
115.0 1
13.72 4
31.14 1
3.36 8931
11.02 112
6.75 332
3.43 30
7.83 23
82.0 2
16.3 12
14.05 47
7.69 6
37.0 5
26.31 1
101.0 1
12.29 1
42.11 1
45.87 1
3.99 1624
12.2 65
7.6 544
7.59 172
4.94 50
8.87 28
16.95 22
2.41 7
29.75 1
27.64 1
8.31 674
8.44 56
13.37 26
20.66 10
17.24 4
17.51 3
22.55 5
40.06 1
16.09 1
9.55 105
19.56 9
4.38 8
149.3 1
18.77 1
24.89 1
18.99 4
32.82 1
17.9 3
4.8 741
1.56 140
5.52 51
10.67 98
13.75 20
22.97 3
5.27 11
25.89 2
15.51 4
27.7 4
115.7 1
28.86 2
52.7 1
36.9 1
17.96 16
4.87 9
4.69 2
23.15 2
27.77 1
27.99 2
7.41 1125
6.55 555
4.17 116
3.81 91
12.01 30
14.25 26
16.16 57
2.59 15
75.0 3
8.93 5
111.1 1
0.52 180
9.24 80
18.46 11
19.45 9
15.41 2
22.1 2
24.56 1
11.38 1
8.0 4280
7.25 363
3.72 247
11.51 36
12.65 71
4.37 17
6.04 23
46.77 1
18.96 10
19.59 5
17.6 9
18.78 2
90.09 1
222.22 1
24.68 1
14.74 1
80.08 2
44.79 1
2.7 12483
3.55 5285
7.95 424
11.72 74
26.23 1
26.56 3
17.89 4
45.24 1
5.65 603
10.25 180
21.72 1
15.84 307
9.69 78
1.14 41
20.2 14
25.76 1
40.86 1
0.17 5
30.56 4
19.08 5
1.61 2
20.53 1
38.89 1
40.4 1
12.08 43
8.27 22
3.88 65
23.75 3
23.8 3
43.95 2
7.48 3
6.29 3
14.59 1
10.9 61
0.55 46
15.46 26
4.28 47
24.51 2
28.06 4
9.23 4
19.37 1
22.6 2
18.41 1
1.4 5884
3.64 144
0.83 33
11.65 58
7.19 12
33.5 1
18.17 3
18.88 3
18.62 1
12.59 2
7.05 370
11.79 31
17.82 11
6.64 39
41.5 2
12.45 65
13.4 24
14.14 10
16.41 2
27.16 3
1.82 26
1.68 491
9.15 174
21.95 8
30.0 100
25.2 6
13.29 21
19.01 2
48.32 1
19.96 6
15.12 1
28.52 1
50.2 2
24.27 1
85.0 1
31.31 3
9.81 187
11.95 61
0.33 13
9.34 2
20.82 5
0.46 5
21.01 1
15.37 1
246.0 1
21.5 3
39.39 1
55.82 1
31.6 1
10.0 7543
3.02 101
12.82 31
4.21 111
5.4 84
11.36 82
18.48 4
24.58 1
45.68 1
6.15 443
0.88 105
14.65 31
12.52 39
16.56 35
15.6 5
7.12 5
18.69 2
70.16 1
27.27 2
28.2 1
1.77 3399
0.7 1685
10.86 130
1.99 55
5.73 24
22.76 3
10.33 3
15.09 10
21.42 1
20.34 4
20.41 2
30.84 1
34.44 1
1.85 22230
15.15 29
25.5 3
9.12 4
0.19 7
30.7 2
19.06 8
33.95 1
25.78 1
50.5 1
44.26 1
21.92 1
19.91 1
3.15 5509
9.4 160
11.21 44
12.95 56
26.16 4
9.88 3
19.29 3
58.84 1
21.08 4
2.06 35855
13.86 50
14.94 11
5.83 48
23.45 5
1.29 30
17.02 4
44.4 1
29.21 1
8.01 791
10.95 136
1.46 133
18.6 3
2.72 11
22.65 1
17.61 1
24.7 1
13.47 1
30.08 3
28.96 1
63.0 1
1.96 38381
1.78 512
0.8 316
10.89 204
0.02 333
33.86 2
0.95 37
15.06 37
39.6 1
28.46 5
30.61 1
25.41 1
39.75 1
50.41 1
1.04 24
21.13 1
10.57 2
15.21 11
0.25 46
21.66 4
11.18 3
15.94 2
34.82 1
33.14 1
5.17 1
38.06 2
31.56 1
2.37 1367
6.95 879
23.52 1
5.98 3
29.36 1
2.94 3478
13.61 14
13.14 40
5.37 25
20.05 14
29.28 2
10.77 3
23.39 1
25.02 1
25.95 2
20.92 1
55.05 1
2.75 11387
8.06 336
17.66 17
1.41 73
24.0 8
10.92 4
18.1 4
28.91 3
9.49 1
51.0 1
116.0 1
20.24 2
59.33 1
22.17 1
3.95 6716
6.41 842
3.6 73
4.07 4
7.55 406
12.15 78
16.99 1
14.31 6
26.96 3
16.24 4
4.98 6
37.14 4
4.72 5
32.66 2
29.79 1
11.6 62
9.98 6
9.07 10
51.31 1
11.13 1
21.18 2
18.21 2
24.31 5
11.84 1
26.02 1
5.06 2018
2.83 579
8.52 219
5.91 334
10.46 128
1.37 28
17.32 12
22.21 2
27.39 1
20.74 1
2.66 19300
4.4 820
2.13 225
20.15 14
8.77 15
56.21 1
23.21 2
13.79 1
13.93 6
37.82 1
25.85 1
17.17 1
46.0 1
0.72 93
1.48 926
5.44 112
15.65 23
25.53 1
21.57 2
19.61 1
18.8 5
30.06 6
28.25 1
10.04 3
13.49 1
44.41 1
25.26 1
24.9 1
2.46 23844
7.1 672
12.5 64
8.17 4
23.05 5
56.05 1
4.93 5
29.72 1
200.0 4
27.89 1
4.79 3
16.92 1
14.6 1311
6.36 765
6.1 249
6.83 43
8.49 92
7.35 265
14.46 46
12.75 49
22.58 2
16.71 3
16.04 2
2.84 114
2.39 205
10.41 112
8.55 202
5.96 983
5.01 97
22.26 10
17.35 5
74.7 1
13.04 1
1.53 667
10.62 10
27.2 3
15.54 8
5.22 43
25.31 3
21.26 3
28.14 3
30.11 2
0.65 9
5.57 4
10.17 4
98.88 1
50.31 1
3.45 9366
4.66 2987
4.88 111
7.85 312
27.96 2
11.04 33
6.73 3
16.5 4
14.03 1
17.99 2
3.84 1755
6.25 462
8.96 295
7.44 266
14.55 31
23.79 1
4.12 12
23.4 3
36.02 2
12.04 1
16.13 1
2.22 2068
17.26 22
6.39 369
13.35 27
22.57 2
8.46 272
8.33 7
14.49 4
34.14 1
14.9 10
20.64 5
29.01 1
6.09 393
35.05 2
7.28 16
18.75 9
9.57 8
14.79 10
24.65 1
2.0 78947
3.52 20
6.68 36
7.92 274
11.75 90
13.8 38
4.57 7
7.09 11
14.18 1
12.49 2
3.39 2423
4.81 147
7.66 414
12.26 132
16.35 17
27.71 1
66.14 1
36.91 1
29.2 1
60.16 1
4.15 2223
3.83 279
8.91 398
16.14 10
6.22 10
14.27 13
14.52 8
23.3 4
7.43 15
6.57 12
32.16 5
22.48 2
36.05 2
5.8 633
9.26 514
22.3 4
18.44 3
19.32 9
35.89 1
31.96 1
24.54 4
11.57 81
8.6 414
3.74 45
14.72 16
6.02 33
4.31 81
17.0 63
32.36 2
6.61 942
2.9 2655
7.75 271
12.35 38
14.86 33
17.87 4
14.11 12
13.1 32
19.89 5
16.44 11
41.0 1
1.63 540
20.0 598
5.67 17
15.86 30
1.89 31
1.16 15
0.15 68
13.22 28
55.0 4
10.27 5
20.51 4
40.31 1
25.74 4
34.7 2
112.0 2
15.19 1
34.21 1
33.06 1
28.59 1
40.6 1
2.52 1086
16.86 21
8.25 246
17.45 28
8.98 12
29.66 2
98.0 1
43.4 1
3.05 10581
4.26 3965
10.7 145
5.3 821
11.31 47
12.85 53
11.44 61
22.8 5
19.39 1
1.2 11643
0.85 40
3.62 15
18.64 3
18.11 1
24.01 2
14.68 1
6.66 703
4.59 989
14.16 84
12.32 79
13.6 21
12.47 57
7.72 2
7.07 20
14.81 4
32.45 2
25.0 151
20.9 7
9.17 43
9.62 71
50.0 38
20.58 4
18.35 9
51.25 1
30.2 4
19.94 1
35.45 1
38.82 1
9.32 156
48.11 1
15.31 11
19.26 17
21.3 5
0.35 2
31.0 3
25.14 2
9.87 3
28.71 2
11.93 2
31.82 1
2.03 582
5.86 1633
2.98 61
8.67 5
13.83 1
23.35 2
22.36 5
19.3 5
14.91 9
20.09 1
17.07 2
13.18 1
28.0 21
48.6 1
15.4 9
32.56 2
18.81 3
6.17 7
46.02 1
37.64 1
4.42 2
24.91 1
1.75 23767
5.71 273
0.5 1175
0.98 2196
13.52 44
10.31 143
20.36 6
30.86 1
34.46 1
40.56 1
10.84 2
22.74 2
49.06 1
1.03 2062
0.22 37
15.26 34
21.14 2
28.66 2
9.94 16
15.93 2
25.65 1
11.88 4
38.01 1
208.0 1
48.06 1
9.2 318
3.13 33
0.49 224
11.27 82
18.55 7
15.38 1
24.45 1
45.75 1
51.45 1
5.81 275
14.96 23
19.4 5
2.04 9
23.32 3
22.31 1
31.08 1
10.97 84
10.08 139
58.0 2
1.44 75
13.45 40
5.48 85
18.4 4
15.69 11
63.2 1
20.21 3
22.67 1
49.11 1
8.03 3
30.91 2
24.5 1
0.93 2425
15.75 336
9.76 360
0.04 69
13.59 25
20.48 1
39.0 3
19.71 1
9.02 280
5.19 682
11.81 35
10.59 50
18.24 9
11.3 65
11.16 89
21.82 5
21.68 1
26.07 1
2.35 13488
29.34 1
16.61 5
2.88 168
8.59 23
6.97 3
17.39 6
13.08 22
26.6 1
29.81 1
2.96 13814
10.75 102
13.16 121
5.35 786
1.22 81
5.88 45
21.31 4
22.85 5
8.69 6
25.97 1
33.32 1
31.01 1
17.09 1
90.8 1
13.63 1
41.06 1
15.62 6
0.75 329
8.08 223
9.47 43
19.66 4
28.22 1
35.8 2
5.43 3
17.68 2
10.03 3
3.0 26542
3.26 9743
4.01 127
4.74 855
12.8 37
16.22 7
23.08 4
14.37 2
6.47 4
3.93 9
12.13 2
36.11 1
36.64 1
27.84 3
94.59 1
11.4 62
11.11 95
9.05 216
11.86 119
19.19 1
21.85 2
5.04 722
5.93 67
1.35 101
10.44 76
2.81 17
20.76 2
32.0 7
13.01 22
34.06 1
55.76 1
16.68 2
2.15 17231
4.2 3112
5.58 727
8.71 502
13.95 51
22.06 4
17.11 1
23.27 1
3.35 6112
6.76 738
11.01 79
14.06 57
16.39 4
16.0 59
4.63 17
70.4 1
72.15 1
26.32 1
7.3 619
8.82 136
8.15 309
2.44 687
3.29 56
12.7 44
4.91 100
17.75 8
6.48 4
23.07 1
14.38 1
16.06 47
6.81 971
12.77 49
6.3 594
7.37 11
14.44 3
14.4 14
6.34 21
3.78 15
18.72 1
1.55 1979
10.64 161
8.78 1004
10.11 174
13.76 77
5.51 118
5.24 3
2.69 32
15.52 4
212.0 1
28.85 1
0.63 3
17.18 1
3.32 3453
6.71 971
4.64 39
16.7 17
11.06 95
14.01 10
3.47 58
7.87 4
37.4 1
3.86 5671
7.46 388
16.11 3
12.06 86
8.94 86
6.27 16
27.55 1
8.29 11
14.57 11
6.52 17
17.49 2
75.7 1
52.55 1
14.22 1
23.6 1
6.8 873
17.55 320
8.35 262
2.24 13
13.33 3
3.71 85
11.52 78
8.3 458
7.26 506
12.66 86
17.5 11
24.85 2
18.95 20
6.07 4
9.59 8
4.55 2839
2.2 19822
11.77 11
26.26 3
24.11 2
18.01 4
19.82 1
47.16 1
58.41 1
32.49 1
4.83 111
12.24 27
7.64 116
14.08 19
29.0 5
16.37 3
27.06 3
71.41 1
6.78 1
2.55 14189
17.42 6
6.59 8
22.46 7
8.22 5
14.29 1
3.08 4761
0.56 101
15.45 25
11.49 33
19.41 3
12.88 12
18.42 4
22.5 7
57.5 1
28.05 3
24.52 1
7.21 1092
8.4 357
3.76 6001
11.55 79
4.33 169
17.2 27
18.92 175
12.61 3380
26.79 2
7.02 43
13.3 15
3.59 11
7.99 12
16.46 30
7.77 32
18.08 5
6.63 6
17.85 8
45.28 1
12.42 1
14.84 1
12.37 2
5.61 147
10.21 148
54.76 1
1.65 146
40.0 42
0.13 6
38.16 2
30.52 2
13.24 2
21.98 1
31.46 1
20.57 1
20.6 3
34.1 1
9.18 1
11.96 124
0.45 11
9.82 100
9.37 7
24.49 1
28.74 3
31.32 2
30.31 3
21.02 5
38.0 6
15.34 2
20.81 1
19.23 2
31.5 2
10.5 173
11.46 754
4.24 68
0.59 164
11.33 4
5.1 59
12.87 2
32.05 3
3.07 13
163.33 1
145.0 1
1.0 85412
11.61 38
15.9 13
18.66 19
24.76 4
42.65 1
0.87 18
35.16 2
63.06 1
16.59 9
26.45 4
33.1 1
0.08 261
5.76 1116
0.2 437
10.36 143
1.72 89
13.55 27
20.31 2
15.79 2
10.83 1
38.27 1
21.47 1
1.86 41198
9.11 348
9.64 254
15.16 37
1.19 50
15.89 3
19.05 8
21.91 2
25.6 1
5.68 7
10.28 1
34.8 1
19.92 1
9.85 156
9.9 133
11.91 24
3.18 34
21.1 4
20.86 1
21.05 4
38.65 1
30.36 1
15.33 1
0.42 2
0.37 2
31.2 1
25.16 3
19.24 1
13.81 12
2.01 106
17.05 21
8.65 196
14.93 1
19.1 3
22.89 2
67.59 1
23.42 1
5.39 8
29.26 1
6.11 566
7.16 510
4.44 1223
12.56 57
15.2 52
58.58 1
16.52 4
18.18 1
48.0 1
14.61 6
36.54 1
1.95 19329
0.01 881
0.96 32
15.05 39
28.45 1
19.74 5
39.5 1
30.62 1
9.73 2
10.52 257
11.8 49
9.96 138
1.01 43
9.09 91
19.15 4
21.16 6
15.91 4
15.24 16
5.12 6
31.26 2
54.16 1
9.0 1189
9.39 336
11.25 116
3.11 139
11.98 1
21.8 6
12.91 6
31.89 1
26.12 1
5.32 784
1.25 2632
2.91 31
13.64 17
14.98 2
22.82 4
13.11 23
10.72 5
31.06 2
44.8 1
tip_amount 1
8.05 257
2.76 17042
1.42 136
0.78 53
10.91 72
17.65 14
25.59 2
45.0 11
22.14 1
18.2 11
20.27 1
22.61 2
35.5 2
1.92 2681
0.91 3
0.06 33
5.78 71
15.77 19
15.02 15
9.74 4
30.65 1
19.73 1
39.2 1
28.42 1
11.1 116
1.08 2459
11.14 103
0.29 3
18.26 19
11.83 1
35.56 1
24.36 1
2.33 942
6.91 1057
26.0 10
20.79 2
16.67 5
42.2 1
23.56 1


2) Find the 20 most common tips in the entire file

0.0 1197606
1.0 206290
2.0 98155
1.46 47962
1.56 47482
1.36 46758
1.66 45504
1.26 43497
1.76 43174
1.86 41210
1.5 39130
1.96 38381
1.16 37188
2.06 35855
1.95 33751
2.16 32716
1.55 32125
1.7 31874
1.45 31467
1.25 30079
